H 100 x 100 x 6 x 8;100;100;6;8;8;;;;;;21.59;16.9;377.9;75.59;86.39;4.18;7.35;133.6;26.72;41.02;2.49;31.37;4.91;0.00282;
H 125 x 125 x 6.5 x 9;125;125;6.5;9;8;;;;;;30;23.6;839.5;134.3;151.9;5.29;9.53;293.4;46.94;71.72;3.13;33.87;8.1;0.00986;
H 150 x 75 x 5 x 7;150;75;5;7;8;;;;;;17.85;14;666.1;88.8;101.8;6.11;8.82;49.47;13.19;20.77;1.66;28.37;2.9;0.00252;
H 150 x 150 x 7 x 10;150;150;7;10;8;;;;;;39.65;31.1;1623;216.3;243;6.4;11.95;563;75.07;114.4;3.77;36.37;12.7;0.02756;
H 175 x 175 x 7.5 x 11;175;175;7.5;11;13;;;;;;51.43;40.4;2895;330.9;370.3;7.5;16.61;983.8;112.4;171.6;4.37;44.73;21.34;0.06607;
H 200 x 100 x 4.5 x 7;198;99;4.5;7;8;;;;;;22.69;17.8;1543;155.9;175.4;8.25;10.26;113.4;22.92;35.46;2.24;27.87;3.32;0.01032;
H 200 x 100 x 5.5 x 8;200;100;5.5;8;8;;;;;;26.67;20.9;1806;180.6;205.1;8.23;12.39;133.7;26.74;41.64;2.24;30.87;5.17;0.01229;
H 200 x 200 x 8 x 12;200;200;8;12;13;;;;;;63.53;49.9;4716;471.6;525.5;8.62;19.61;1602;160.2;243.8;5.02;47.23;30.16;0.1414;
H 200 x 200 x 12 x 12;200;204;12;12;13;;;;;;71.53;56.2;4982;498.2;565.5;8.35;27.13;1702;166.8;257.3;4.88;51.23;43.59;0.15;
H 250 x 125 x 5 x 8;248;124;5;8;8;;;;;;31.99;25.1;3450;278.2;311.6;10.38;13.83;254.6;41.06;63.19;2.82;30.37;5.8;0.03661;
H 250 x 125 x 6 x 9;250;125;6;9;8;;;;;;36.97;29;3965;317.2;358.1;10.36;16.45;293.5;46.96;72.66;2.82;33.37;8.61;0.04254;
H 250 x 250 x 11 x 11;244;252;11;11;13;;;;;;81.31;63.8;8703;713.3;797.1;10.35;29.94;2937;233.1;357.2;6.01;48.23;40.45;0.3982;
H 250 x 250 x 9 x 14;250;250;9;14;13;;;;;;91.43;71.8;10750;859.9;952.6;10.84;26.33;3648;291.8;443.1;6.32;52.23;56.24;0.5076;
H 250 x 250 x 14 x 14;250;255;14;14;13;;;;;;103.9;81.6;11400;912;1031;10.47;38.13;3876;304;467.5;6.11;57.23;81.12;0.5387;
H 300 x 150 x 5.5 x 8;298;149;5.5;8;13;;;;;;40.8;32;6318;424;475.1;12.44;19.48;442;59.33;91.76;3.29;36.73;8.79;0.09273;
H 300 x 150 x 6.5 x 9;300;150;6.5;9;13;;;;;;46.78;36.7;7209;480.6;542.1;12.41;22.71;507.5;67.67;105.1;3.29;39.73;12.73;0.1072;
H 300 x 300 x 12 x 12;294;302;12;12;13;;;;;;106.3;83.5;16640;1132;1260;12.51;38.41;5514;365.2;558.2;7.2;51.23;60.3;1.095;
H 300 x 300 x 10 x 15;300;300;10;15;13;;;;;;118.4;93;20190;1346;1484;13.05;33.85;6753;450.2;682.9;7.55;55.23;82.87;1.371;
H 300 x 300 x 15 x 15;300;305;15;15;13;;;;;;133.4;104.8;21310;1421;1596;12.64;48.1;7102;465.7;714.4;7.3;60.23;115.7;1.44;
H 350 x 175 x 6 x 9;346;174;6;9;13;;;;;;52.5;41.2;11040;638;712;14.51;24.01;791;91;140.1;3.88;39.23;13.28;0.2244;
H 350 x 175 x 7 x 11;350;175;7;11;13;;;;;;62.9;49.4;13500;771;864;14.65;28.04;984;112.5;173.4;3.96;44.23;22.47;0.2823;
H 350 x 350 x 13 x 13;338;351;13;13;13;;;;;;133.3;104.6;27740;1642;1822;14.43;47.08;9377;534.3;815.4;8.39;54.23;86.18;2.474;
H 350 x 350 x 10 x 16;344;348;10;16;13;;;;;;144;113;32850;1910;2092;15.1;38.41;11240;646.1;977.8;8.84;57.23;111.6;3.023;
H 350 x 350 x 16 x 16;344;354;16;16;13;;;;;;164.6;129.3;34880;2028;2269;14.56;58.09;11840;669.1;1024;8.48;63.23;158.8;3.182;
H 350 x 350 x 12 x 19;350;350;12;19;13;;;;;;171.9;134.9;39850;2277;2515;15.23;46.11;13580;776.2;1176;8.89;65.23;186.9;3.719;
H 350 x 350 x 19 x 19;350;357;19;19;13;;;;;;196.4;154.2;42350;2420;2730;14.68;69.28;14430;808.3;1241;8.57;72.23;264.8;3.946;
H 400 x 300 x 10 x 16;390;300;10;16;13;;;;;;133.2;104.6;37860;1942;2141;16.86;43.01;7204;480.3;730.1;7.35;57.23;100;2.518;
H 400 x 400 x 15 x 15;388;402;15;15;22;;;;;;178.4;140.1;48970;2524;2802;16.56;66.7;16260;808.9;1237;9.54;70.77;174.3;5.649;
H 400 x 400 x 11 x 18;394;398;11;18;22;;;;;;186.8;146.6;56150;2850;3118;17.34;53.43;18920;950.9;1441;10.06;72.77;193.4;6.685;
H 400 x 400 x 18 x 18;394;405;18;18;22;;;;;;214.4;168.3;59710;3031;3390;16.69;79.75;19960;985.4;1511;9.65;79.77;290;7.044;
H 400 x 400 x 13 x 21;400;400;13;21;22;;;;;;218.7;171.7;66620;3331;3672;17.45;62.66;22410;1121;1700;10.12;80.77;303.9;8.044;
H 400 x 400 x 21 x 21;400;408;21;21;22;;;;;;250.7;196.8;70890;3544;3992;16.82;92.98;23810;1167;1794;9.75;88.77;450.4;8.536;
H 400 x 400 x 18 x 28;414;405;18;28;22;;;;;;295.4;231.9;92770;4482;5026;17.72;85.95;31030;1532;2331;10.25;99.77;720.5;11.55;
H 400 x 400 x 20 x 35;428;407;20;35;22;;;;;;360.6;283.1;119200;5570;6311;18.18;98.15;39360;1934;2941;10.45;115.8;1321;15.19;
H 400 x 400 x 30 x 50;458;417;30;50;22;;;;;;528.5;414.9;187100;8172;9540;18.82;148.6;60520;2903;4436;10.7;155.8;3929;25.15;
H 500 x 200 x 9 x 14;496;199;9;14;13;;;;;;99.29;77.9;40830;1647;1869;20.28;48.47;1843;185.2;287.8;4.31;52.23;52.89;1.068;
H 500 x 200 x 10 x 16;500;200;10;16;13;;;;;;112.2;88.1;46810;1872;2130;20.42;54.01;2138;213.8;332.8;4.36;57.23;76.4;1.249;
H 500 x 200 x 11 x 19;506;201;11;19;13;;;;;;129.3;101.5;55480;2193;2496;20.71;59.96;2578;256.5;399.2;4.46;64.23;119.6;1.525;
H 500 x 300 x 11 x 15;482;300;11;15;13;;;;;;141.2;110.8;58270;2418;2696;20.32;56.72;6756;450.4;689.9;6.92;56.23;95.52;3.68;
H 500 x 300 x 11 x 18;488;300;11;18;13;;;;;;159.2;124.9;68860;2822;3132;20.8;57.83;8106;540.4;824.9;7.14;62.23;144;4.473;
H 600 x 300 x 12 x 17;582;300;12;17;13;;;;;;169.2;132.8;98950;3400;3822;24.18;73.67;7659;510.6;786;6.73;61.23;139.3;6.105;
H 600 x 300 x 12 x 20;588;300;12;20;13;;;;;;187.2;147;114400;3889;4348;24.71;74.81;9009;600.6;921;6.94;67.23;200;7.259;
H 600 x 300 x 14 x 23;594;302;14;23;13;;;;;;217.1;170.4;133600;4497;5057;24.8;87.37;10570;700.2;1077;6.98;75.23;306.5;8.606;
H 700 x 300 x 13 x 20;692;300;13;20;18;;;;;;207.5;162.9;168400;4868;5503;28.49;97.34;9015;601;930.5;6.59;74.09;228.2;10.16;
H 700 x 300 x 13 x 24;700;300;13;24;18;;;;;;231.5;181.8;197500;5643;6338;29.21;99.3;10820;721;1110;6.83;82.09;342.2;12.34;
H 800 x 300 x 14 x 22;792;300;14;22;18;;;;;;239.5;188;248300;6271;7143;32.2;118.5;9921;661.4;1030;6.44;79.09;304.9;14.67;
H 800 x 300 x 14 x 26;800;300;14;26;18;;;;;;263.5;206.8;286400;7159;8098;32.97;120.5;11720;781.4;1210;6.67;87.09;439.8;17.52;
H 900 x 300 x 15 x 23;890;299;15;23;18;;;;;;266.9;209.5;338500;7608;8750;35.61;141.1;10280;687.3;1079;6.2;82.09;364.7;19.26;
H 900 x 300 x 16 x 28;900;300;16;28;18;;;;;;305.8;240.1;404500;8989;10290;36.37;152.4;12630;842.2;1317;6.43;93.09;581.4;23.95;
H 900 x 300 x 18 x 34;912;302;18;34;18;;;;;;360.1;282.6;491000;10770;12340;36.93;173.1;15650;1037;1622;6.59;107.1;980.8;30.08;
