IPE A 100;98;55;3.6;4.7;7;;;;;;8.78;6.9;141.2;28.81;32.98;4.01;4.44;13.12;4.77;7.54;1.22;21.2;0.77;0.00028;
IPE 100;100;55;4.1;5.7;7;;;;;;10.32;8.1;171;34.2;39.41;4.07;5.08;15.92;5.79;9.15;1.24;23.7;1.2;0.00035;
IPE A 120;117.6;64;3.8;5.1;7;;;;;;11.03;8.7;257.4;43.77;49.87;4.83;5.41;22.39;7;10.98;1.42;22.2;1.04;0.00071;
IPE 120;120;64;4.4;6.3;7;;;;;;13.21;10.4;317.8;52.96;60.73;4.9;6.31;27.67;8.65;13.58;1.45;25.2;1.74;0.00089;
IPE A 140;137.4;73;3.8;5.6;7;;;;;;13.39;10.5;434.9;63.3;71.6;5.7;6.21;36.42;9.98;15.52;1.65;23.2;1.36;0.00158;
IPE 140;140;73;4.7;6.9;7;;;;;;16.43;12.9;541.2;77.32;88.34;5.74;7.64;44.92;12.31;19.25;1.65;26.7;2.45;0.00198;
IPE A 160;157;82;4;5.9;9;;;;;;16.18;12.7;689.3;87.81;99.09;6.53;7.8;54.43;13.27;20.7;1.83;26.34;1.96;0.00309;
IPE 160;160;82;5;7.4;9;;;;;;20.09;15.8;869.3;108.7;123.9;6.58;9.66;68.31;16.66;26.1;1.84;30.34;3.6;0.00396;
IPE A 180;177;91;4.3;6.5;9;;;;;;19.58;15.4;1063;120.1;135.3;7.37;9.2;81.89;18;27.96;2.05;27.84;2.7;0.00593;
IPE 180;180;91;5.3;8;9;;;;;;23.95;18.8;1317;146.3;166.4;7.42;11.25;100.9;22.16;34.6;2.05;31.84;4.79;0.00743;
IPE O 180;182;92;6;9;9;;;;;;27.1;21.3;1505;165.4;189.1;7.45;12.7;117.3;25.5;39.91;2.08;34.54;6.76;0.00874;
IPE A 200;197;100;4.5;7;12;;;;;;23.47;18.4;1591;161.6;181.7;8.23;11.47;117.2;23.43;36.54;2.23;32.56;4.11;0.01053;
IPE 200;200;100;5.6;8.5;12;;;;;;28.48;22.4;1943;194.3;220.6;8.26;14;142.4;28.47;44.61;2.24;36.66;6.98;0.01299;
IPE O 200;202;102;6.2;9.5;12;;;;;;31.96;25.1;2211;218.9;249.4;8.32;15.45;168.9;33.11;51.89;2.3;39.26;9.45;0.01557;
IPE A 220;217;110;5;7.7;12;;;;;;28.26;22.2;2317;213.5;240.2;9.05;13.55;171.4;31.17;48.49;2.46;34.46;5.69;0.01871;
IPE 220;220;110;5.9;9.2;12;;;;;;33.37;26.2;2772;252;285.4;9.11;15.88;204.9;37.25;58.11;2.48;38.36;9.07;0.02267;
IPE O 220;222;112;6.6;10.2;12;;;;;;37.39;29.4;3134;282.3;321.1;9.16;17.66;239.8;42.83;66.91;2.53;41.06;12.27;0.02679;
IPE A 240;237;120;5.2;8.3;15;;;;;;33.31;26.2;3290;277.7;311.6;9.94;16.31;240.1;40.02;62.4;2.68;39.37;8.35;0.03126;
IPE 240;240;120;6.2;9.8;15;;;;;;39.12;30.7;3892;324.3;366.6;9.97;19.14;283.6;47.27;73.92;2.69;43.37;12.88;0.03739;
IPE O 240;242;122;7;10.8;15;;;;;;43.71;34.3;4369;361.1;410.3;10;21.36;328.5;53.86;84.4;2.74;46.17;17.18;0.04368;
IPE A 270;267;135;5.5;8.7;15;;;;;;39.15;30.7;4917;368.3;412.5;11.21;18.75;358;53.03;82.34;3.02;40.47;10.3;0.05951;
IPE 270;270;135;6.6;10.2;15;;;;;;45.95;36.1;5790;428.9;484;11.23;22.14;419.9;62.2;96.95;3.02;44.57;15.94;0.07058;
IPE O 270;274;136;7.5;12.2;15;;;;;;53.84;42.3;6947;507.1;574.6;11.36;25.23;513.5;75.51;117.7;3.09;49.47;24.9;0.08764;
IPE A 300;297;150;6.1;9.2;15;;;;;;46.53;36.5;7173;483.1;541.8;12.42;22.25;519;69.2;107.3;3.34;42.07;13.43;0.1072;
IPE 300;300;150;7.1;10.7;15;;;;;;53.81;42.2;8356;557.1;628.4;12.46;25.68;603.8;80.5;125.2;3.35;46.07;20.12;0.1259;
IPE O 300;304;152;8;12.7;15;;;;;;62.83;49.3;9994;657.5;743.8;12.61;29.05;745.7;98.12;152.6;3.45;50.97;31.06;0.1577;
IPE A 330;327;160;6.5;10;18;;;;;;54.74;43;10230;625.7;701.9;13.67;26.99;685.2;85.64;133.3;3.54;47.59;19.57;0.1715;
IPE 330;330;160;7.5;11.5;18;;;;;;62.61;49.1;11770;713.1;804.3;13.71;30.81;788.1;98.52;153.7;3.55;51.59;28.15;0.1991;
IPE O 330;334;162;8.5;13.5;18;;;;;;72.62;57;13910;833;942.8;13.84;34.88;960.4;118.6;185;3.64;56.59;42.15;0.2457;
IPE A 360;357.6;170;6.6;11.5;18;;;;;;63.96;50.2;14520;811.8;906.8;15.06;29.76;944.3;111.1;171.9;3.84;50.69;26.51;0.282;
IPE 360;360;170;8;12.7;18;;;;;;72.73;57.1;16270;903.6;1019;14.95;35.14;1043;122.8;191.1;3.79;54.49;37.32;0.3136;
IPE O 360;364;172;9.2;14.7;18;;;;;;84.13;66;19050;1047;1186;15.05;40.21;1251;145.5;226.9;3.86;59.69;55.76;0.3803;
IPE A 400;397;180;7;12;21;;;;;;73.1;57.4;20290;1022;1144;16.66;35.78;1171;130.1;202.1;4;55.6;34.79;0.4322;
IPE 400;400;180;8.6;13.5;21;;;;;;84.46;66.3;23130;1156;1307;16.55;42.69;1318;146.4;229;3.95;60.2;51.08;0.49;
IPE O 400;404;182;9.7;15.5;21;;;;;;96.39;75.7;26750;1324;1502;16.66;47.98;1564;171.9;269.1;4.03;65.3;73.1;0.5876;
IPE A 450;447;190;7.6;13.1;21;;;;;;85.55;67.2;29760;1331;1494;18.65;42.26;1502;158.1;245.7;4.19;58.4;45.67;0.7049;
IPE 450;450;190;9.4;14.6;21;;;;;;98.82;77.6;33740;1500;1702;18.48;50.85;1676;176.4;276.4;4.12;63.2;66.87;0.791;
IPE O 450;456;192;11;17.6;21;;;;;;117.7;92.4;40920;1795;2046;18.65;59.4;2085;217.2;341;4.21;70.8;109;0.9976;
IPE A 500;497;200;8.4;14.5;21;;;;;;101.1;79.4;42930;1728;1946;20.61;50.41;1939;193.9;301.6;4.38;62;62.78;1.125;
IPE 500;500;200;10.2;16;21;;;;;;115.5;90.7;48200;1928;2194;20.43;59.87;2142;214.2;335.9;4.31;66.8;89.29;1.249;
IPE O 500;506;202;12;19;21;;;;;;136.7;107;57780;2284;2613;20.56;70.21;2622;259.6;408.5;4.38;74.6;143.5;1.548;
IPE A 550;547;210;9;15.7;24;;;;;;117.3;92.1;59980;2193;2475;22.61;60.3;2432;231.6;361.5;4.55;68.52;86.53;1.71;
IPE 550                 ;550;210;11.1;17.2;24;;;;;;134.4;106;67120;2441;2787;22.35;72.34;2668;254.1;400.5;4.45;73.62;123.2;1.884;
IPE O 550;556;212;12.7;20.2;24;;;;;;156.1;123;79160;2847;3263;22.52;82.69;3224;304.2;480.5;4.55;81.22;187.5;2.302;
IPE A 600;597;220;9.8;17.5;24;;;;;;137;108;82920;2778;3141;24.6;70.14;3116;283.3;442.1;4.77;72.92;118.8;2.607;
IPE 600;600;220;12;19;24;;;;;;156;122;92080;3069;3512;24.3;83.78;3387;307.9;485.6;4.66;78.12;165.4;2.846;
IPE O 600;610;224;15;24;24;;;;;;196.8;154;118300;3879;4471;24.52;104.4;4521;403.6;640.1;4.79;91.12;318.1;3.86;
IPE 750 x 147;753;265;13.2;17;17;;;;;;187.5;147;166100;4411;5110;29.76;105.4;5289;399.2;630.8;5.31;67.12;161.5;7.141;
IPE 750 x 173;762;267;14.4;21.6;17;;;;;;221.3;173;205800;5402;6218;30.49;116.4;6873;514.9;809.9;5.57;77.52;273.6;9.391;
IPE 750 x 196;770;268;15.6;25.4;17;;;;;;250.8;196;240300;6241;7174;30.95;127.3;8175;610.1;958.8;5.71;86.32;408.9;11.29;
