HE 100 AA;91;100;4.2;5.5;12;;;;;;15.6;12.2;236.5;51.98;58.36;3.89;6.15;92.06;18.41;28.44;2.43;29.26;2.51;0.00168;
HE 100 A;96;100;5;8;12;;;;;;21.24;16.7;349.2;72.76;83.01;4.06;7.56;133.8;26.76;41.14;2.51;35.06;5.24;0.00258;
HE 100 B;100;100;6;10;12;;;;;;26.04;20.4;449.5;89.91;104.2;4.16;9.04;167.3;33.45;51.42;2.53;40.06;9.25;0.00338;
HE 100 M;120;106;12;20;12;;;;;;53.24;41.8;1143;190.4;235.8;4.63;18.04;399.2;75.31;116.3;2.74;66.06;68.21;0.00993;
HE 120 AA;109;120;4.2;5.5;12;;;;;;18.55;14.6;413.4;75.85;84.12;4.72;6.9;158.8;26.47;40.62;2.93;29.26;2.78;0.00424;
HE 120 A;114;120;5;8;12;;;;;;25.34;19.9;606.2;106.3;119.5;4.89;8.46;230.9;38.48;58.85;3.02;35.06;5.99;0.00647;
HE 120 B;120;120;6.5;11;12;;;;;;34.01;26.7;864.4;144.1;165.2;5.04;10.96;317.5;52.92;80.97;3.06;42.56;13.84;0.00941;
HE 120 M;140;126;12.5;21;12;;;;;;66.41;52.1;2018;288.2;350.6;5.51;21.15;702.8;111.6;171.6;3.25;68.56;91.66;0.02479;
HE 140 AA;128;140;4.3;6;12;;;;;;23.02;18.1;719.5;112.4;123.8;5.59;7.92;274.8;39.26;59.93;3.45;30.36;3.54;0.01021;
HE 140 A;133;140;5.5;8.5;12;;;;;;31.42;24.7;1033;155.4;173.5;5.73;10.12;389.3;55.62;84.85;3.52;36.56;8.13;0.01506;
HE 140 B;140;140;7;12;12;;;;;;42.96;33.7;1509;215.6;245.4;5.93;13.08;549.7;78.52;119.8;3.58;45.06;20.06;0.02248;
HE 140 M;160;146;13;22;12;;;;;;80.56;63.2;3291;411.4;493.8;6.39;24.46;1144;156.8;240.5;3.77;71.06;120;0.05433;
HE 160 AA;148;160;4.5;7;15;;;;;;30.36;23.8;1283;173.4;190.4;6.5;10.38;478.7;59.84;91.36;3.97;36.07;6.33;0.02375;
HE 160 A;152;160;6;9;15;;;;;;38.77;30.4;1673;220.1;245.1;6.57;13.21;615.6;76.95;117.6;3.98;41.57;12.19;0.03141;
HE 160 B;160;160;8;13;15;;;;;;54.25;42.6;2492;311.5;354;6.78;17.59;889.2;111.2;170;4.05;51.57;31.24;0.04794;
HE 160 M;180;166;14;23;15;;;;;;97.05;76.2;5098;566.5;674.6;7.25;30.81;1759;211.9;325.5;4.26;77.57;162.4;0.1081;
HE 180 AA;167;180;5;7.5;15;;;;;;36.53;28.7;1967;235.6;258.2;7.34;12.16;730;81.11;123.6;4.47;37.57;8.33;0.04636;
HE 180 A;171;180;6;9.5;15;;;;;;45.25;35.5;2510;293.6;324.9;7.45;14.47;924.6;102.7;156.5;4.52;42.57;14.8;0.06021;
HE 180 B;180;180;8.5;14;15;;;;;;65.25;51.2;3831;425.7;481.4;7.66;20.24;1363;151.4;231;4.57;54.07;42.16;0.09375;
HE 180 M;200;186;14.5;24;15;;;;;;113.3;88.9;7483;748.3;883.4;8.13;34.65;2580;277.4;425.2;4.77;80.07;203.3;0.1993;
HE 200 AA;186;200;5.5;8;18;;;;;;44.13;34.6;2944;316.6;347.1;8.17;15.45;1068;106.8;163.2;4.92;42.59;12.69;0.08449;
HE 200 A;190;200;6.5;10;18;;;;;;53.83;42.3;3692;388.6;429.5;8.28;18.08;1336;133.6;203.8;4.98;47.59;20.98;0.108;
HE 200 B;200;200;9;15;18;;;;;;78.08;61.3;5696;569.6;642.5;8.54;24.83;2003;200.3;305.8;5.07;60.09;59.28;0.1711;
HE 200 M;220;206;15;25;18;;;;;;131.3;103;10640;967.4;1135;9;41.03;3651;354.5;543.2;5.27;86.09;259.4;0.3463;
HE 220 AA;205;220;6;8.5;18;;;;;;51.46;40.4;4170;406.9;445.5;9;17.63;1510;137.3;209.3;5.42;44.09;15.93;0.1456;
HE 220 A;210;220;7;11;18;;;;;;64.34;50.5;5410;515.2;568.5;9.17;20.67;1955;177.7;270.6;5.51;50.09;28.46;0.1933;
HE 220 B;220;220;9.5;16;18;;;;;;91.04;71.5;8091;735.5;827;9.43;27.92;2843;258.5;393.9;5.59;62.59;76.57;0.2954;
HE 220 M;240;226;15.5;26;18;;;;;;149.4;117;14600;1217;1419;9.89;45.31;5012;443.5;678.6;5.79;88.59;315.3;0.5727;
HE 240 AA;224;240;6.5;9;21;;;;;;60.38;47.4;5835;521;570.6;9.83;21.54;2077;173.1;264.4;5.87;49.1;22.98;0.2396;
HE 240 A;230;240;7.5;12;21;;;;;;76.84;60.3;7763;675.1;744.6;10.05;25.18;2769;230.7;351.7;6;56.1;41.55;0.3285;
HE 240 B;240;240;10;17;21;;;;;;106;83.2;11260;938.3;1053;10.31;33.23;3923;326.9;498.4;6.08;68.6;102.7;0.4869;
HE 240 M;270;248;18;32;21;;;;;;199.6;157;24290;1799;2117;11.03;60.07;8153;657.5;1006;6.39;106.6;627.9;1.152;
HE 260 AA;244;260;6.5;9.5;24;;;;;;68.97;54.1;7981;654.1;714.5;10.76;24.75;2788;214.5;327.7;6.36;53.62;30.31;0.3826;
HE 260 A;250;260;7.5;12.5;24;;;;;;86.82;68.2;10450;836.4;919.8;10.97;28.76;3668;282.1;430.2;6.5;60.62;52.37;0.5164;
HE 260 B;260;260;10;17.5;24;;;;;;118.4;93;14920;1148;1283;11.22;37.59;5135;395;602.2;6.58;73.12;123.8;0.7537;
HE 260 M;290;268;18;32.5;24;;;;;;219.6;172;31310;2159;2524;11.94;66.89;10450;779.7;1192;6.9;111.1;719;1.728;
HE 280 AA;264;280;7;10;24;;;;;;78.02;61.2;10560;799.8;873.1;11.63;27.52;3664;261.7;399.4;6.85;55.12;36.22;0.5901;
HE 280 A;270;280;8;13;24;;;;;;97.26;76.4;13670;1013;1112;11.86;31.74;4763;340.2;518.1;7;62.12;62.1;0.7854;
HE 280 B;280;280;10.5;18;24;;;;;;131.4;103;19270;1376;1534;12.11;41.09;6595;471;717.6;7.09;74.62;143.7;1.13;
HE 280 M;310;288;18.5;33;24;;;;;;240.2;189;39550;2551;2966;12.83;72.03;13160;914.1;1397;7.4;112.6;807.3;2.52;
HE 300 AA;283;300;7.5;10.5;27;;;;;;88.91;69.8;13800;975.6;1065;12.46;32.37;4734;315.6;482.3;7.3;60.13;49.35;0.8772;
HE 300 A;290;300;8.5;14;27;;;;;;112.5;88.3;18260;1260;1383;12.74;37.28;6310;420.6;641.2;7.49;68.13;85.17;1.2;
HE 300 B;300;300;11;19;27;;;;;;149.1;117;25170;1678;1869;12.99;47.43;8563;570.9;870.1;7.58;80.63;185;1.688;
HE 300 M;340;310;21;39;27;;;;;;303.1;238;59200;3482;4078;13.98;90.53;19400;1252;1913;8;130.6;1408;4.386;
HE 320 AA;301;300;8;11;27;;;;;;94.58;74.2;16450;1093;1196;13.19;35.4;4959;330.6;505.7;7.24;61.63;55.87;1.041;
HE 320 A;310;300;9;15.5;27;;;;;;124.4;97.6;22930;1479;1628;13.58;41.13;6985;465.7;709.7;7.49;71.63;108;1.512;
HE 320 B;320;300;11.5;20.5;27;;;;;;161.3;127;30820;1926;2149;13.82;51.77;9239;615.9;939.1;7.57;84.13;225.1;2.069;
HE 320 M;359;309;21;40;27;;;;;;312;245;68130;3796;4435;14.78;94.85;19710;1276;1951;7.95;132.6;1501;5.004;
HE 340 AA;320;300;8.5;11.5;27;;;;;;100.5;78.9;19550;1222;1341;13.95;38.69;5185;345.6;529.3;7.18;63.13;63.07;1.231;
HE 340 A;330;300;9.5;16.5;27;;;;;;133.5;105;27690;1678;1850;14.4;44.95;7436;495.7;755.9;7.46;74.13;127.2;1.824;
HE 340 B;340;300;12;21.5;27;;;;;;170.9;134;36660;2156;2408;14.65;56.09;9690;646;985.7;7.53;86.63;257.2;2.454;
HE 340 M;377;309;21;40;27;;;;;;315.8;248;76370;4052;4718;15.55;98.63;19710;1276;1953;7.9;132.6;1506;5.584;
HE 360 AA;339;300;9;12;27;;;;;;106.6;83.7;23040;1359;1495;14.7;42.17;5410;360.7;553;7.12;64.63;70.99;1.444;
HE 360 A;350;300;10;17.5;27;;;;;;142.8;112;33090;1891;2088;15.22;48.96;7887;525.8;802.3;7.43;76.63;148.8;2.177;
HE 360 B;360;300;12.5;22.5;27;;;;;;180.6;142;43190;2400;2683;15.46;60.6;10140;676.1;1032;7.49;89.13;292.5;2.883;
HE 360 M;395;308;21;40;27;;;;;;318.8;250;84870;4297;4989;16.32;102.4;19520;1268;1942;7.83;132.6;1507;6.137;
HE 400 AA;378;300;9.5;13;27;;;;;;117.7;92.4;31250;1654;1824;16.3;47.95;5861;390.8;599.7;7.06;67.13;84.69;1.948;
HE 400 A;390;300;11;19;27;;;;;;159;125;45070;2311;2562;16.84;57.33;8564;570.9;872.9;7.34;80.63;189;2.942;
HE 400 B;400;300;13.5;24;27;;;;;;197.8;155;57680;2884;3232;17.08;69.98;10820;721.3;1104;7.4;93.13;355.7;3.817;
HE 400 M;432;307;21;40;27;;;;;;325.8;256;104100;4820;5571;17.88;110.2;19340;1260;1934;7.7;132.6;1515;7.41;
HE 450 AA;425;300;10;13.5;27;;;;;;127.1;99.7;41890;1971;2183;18.16;54.7;6088;405.8;624.4;6.92;68.63;95.61;2.572;
HE 450 A;440;300;11.5;21;27;;;;;;178;140;63720;2896;3216;18.92;65.78;9465;631;965.5;7.29;85.13;243.8;4.148;
HE 450 B;450;300;14;26;27;;;;;;218;171;79890;3551;3982;19.14;79.66;11720;781.4;1198;7.33;97.63;440.5;5.258;
HE 450 M;478;307;21;40;27;;;;;;335.4;263;131500;5501;6331;19.8;119.8;19340;1260;1939;7.59;132.6;1529;9.251;
HE 500 AA;472;300;10.5;14;27;;;;;;136.9;107;54640;2315;2576;19.98;61.91;6314;420.9;649.3;6.79;70.13;107.7;3.304;
HE 500 A;490;300;12;23;27;;;;;;197.5;155;86970;3550;3949;20.98;74.72;10370;691.1;1059;7.24;89.63;309.3;5.643;
HE 500 B;500;300;14.5;28;27;;;;;;238.6;187;107200;4287;4815;21.19;89.82;12620;841.6;1292;7.27;102.1;538.4;7.018;
HE 500 M;524;306;21;40;27;;;;;;344.3;270;161900;6180;7094;21.69;129.5;19150;1252;1932;7.46;132.6;1539;11.19;
HE 550 AA;522;300;11.5;15;27;;;;;;152.8;120;72870;2792;3128;21.84;72.66;6767;451.1;698.6;6.65;73.13;133.7;4.338;
HE 550 A;540;300;12.5;24;27;;;;;;211.8;166;111900;4146;4622;22.99;83.72;10820;721.3;1107;7.15;92.13;351.5;7.189;
HE 550 B;550;300;15;29;27;;;;;;254.1;199;136700;4971;5591;23.2;100.1;13080;871.8;1341;7.17;104.6;600.3;8.856;
HE 550 M;572;306;21;40;27;;;;;;354.4;278;198000;6923;7933;23.64;139.6;19160;1252;1937;7.35;132.6;1554;13.52;
HE 600 AA;571;300;12;15.5;27;;;;;;164.1;129;91900;3218;3623;23.66;81.29;6993;466.2;724.5;6.53;74.63;149.8;5.381;
HE 600 A;590;300;13;25;27;;;;;;226.5;178;141200;4787;5350;24.97;93.21;11270;751.4;1156;7.05;94.63;397.8;8.978;
HE 600 B;600;300;15.5;30;27;;;;;;270;212;171000;5701;6425;25.17;110.8;13530;902;1391;7.08;107.1;667.2;10.97;
HE 600 M;620;305;21;40;27;;;;;;363.7;285;237400;7660;8772;25.55;149.7;18980;1244;1930;7.22;132.6;1564;15.91;
HE 600 x 337;632;310;25.5;46;27;;;;;;429.2;337;283200;8961;10380;25.69;180.5;22940;1480;2310;7.31;149.1;2451;19.61;
HE 600 x 399;648;315;30;54;27;;;;;;508.5;399;344600;10640;12460;26.03;213.6;28280;1796;2814;7.46;169.6;3966;24.81;
HE 650 AA;620;300;12.5;16;27;;;;;;175.8;138;113900;3676;4160;25.46;90.4;7221;481.4;750.7;6.41;76.13;167.5;6.567;
HE 650 A;640;300;13.5;26;27;;;;;;241.6;190;175200;5474;6136;26.93;103.2;11720;781.6;1205;6.97;97.13;448.3;11.03;
HE 650 B;650;300;16;31;27;;;;;;286.3;225;210600;6480;7320;27.12;122;13980;932.3;1441;6.99;109.6;739.2;13.36;
HE 650 M;668;305;21;40;27;;;;;;373.7;293;281700;8433;9657;27.45;159.7;18980;1245;1936;7.13;132.6;1579;18.65;
HE 650 x 343;680;309;25;46;27;;;;;;437.5;343;333700;9815;11350;27.62;189.6;22720;1470;2300;7.21;148.6;2442;22.73;
HE 650 x 407;696;314;29.5;54;27;;;;;;518.8;407;405400;11650;13620;27.95;224.8;28020;1785;2803;7.35;169.1;3958;28.71;
HE 700 AA;670;300;13;17;27;;;;;;190.9;150;142700;4260;4840;27.34;100.3;7673;511.5;799.7;6.34;78.63;195.2;8.155;
HE 700 A;690;300;14.5;27;27;;;;;;260.5;204;215300;6241;7032;28.75;117;12180;811.9;1257;6.84;100.1;513.9;13.35;
HE 700 B;700;300;17;32;27;;;;;;306.4;241;256900;7340;8327;28.96;137.1;14440;962.7;1495;6.87;112.6;830.9;16.06;
HE 700 M;716;304;21;40;27;;;;;;383;301;329300;9198;10540;29.32;169.8;18800;1237;1929;7.01;132.6;1589;21.4;
HE 700 x 352;728;308;25;46;27;;;;;;448.6;352;389700;10710;12390;29.47;201.6;22510;1461;2293;7.08;148.6;2461;26.05;
HE 700 x 418;744;313;29.5;54;27;;;;;;531.9;418;472500;12700;14840;29.8;239;27760;1774;2797;7.22;169.1;3989;32.85;
HE 800 AA;770;300;14;18;30;;;;;;218.5;172;208900;5426;6225;30.92;123.8;8134;542.2;856.6;6.1;85.15;256.8;11.45;
HE 800 A;790;300;15;28;30;;;;;;285.8;224;303400;7682;8699;32.58;138.8;12640;842.6;1312;6.65;106.1;596.9;18.29;
HE 800 B;800;300;17.5;33;30;;;;;;334.2;262;359100;8977;10230;32.78;161.8;14900;993.6;1553;6.68;118.6;946;21.84;
HE 800 M;814;303;21;40;30;;;;;;404.3;317;442600;10870;12490;33.09;194.3;18630;1230;1930;6.79;136.1;1646;27.78;
HE 800 x 373;826;308;25;46;30;;;;;;474.6;373;523900;12690;14700;33.23;230.3;22530;1463;2311;6.89;152.1;2554;34.07;
HE 800 x 444;842;313;30;54;30;;;;;;566;444;634500;15070;17640;33.48;276.5;27800;1776;2827;7.01;173.1;4180;42.84;
HE 900 AA;870;300;15;20;30;;;;;;252.2;198;301100;6923;7999;34.55;147.2;9041;602.8;957.7;5.99;90.15;334.9;16.26;
HE 900 A;890;300;16;30;30;;;;;;320.5;252;422100;9485;10810;36.29;163.3;13550;903.2;1414;6.5;111.1;736.8;24.96;
HE 900 B;900;300;18.5;35;30;;;;;;371.3;291;494100;10980;12580;36.48;188.8;15820;1054;1658;6.53;123.6;1137;29.46;
HE 900 M;910;302;21;40;30;;;;;;423.6;333;570400;12540;14440;36.7;214.4;18450;1222;1929;6.6;136.1;1671;34.75;
HE 900 x 391;922;307;25;46;30;;;;;;497.7;391;674300;14630;16990;36.81;254.3;22320;1454;2312;6.7;152.1;2597;42.56;
HE 900 x 466;938;312;30;54;30;;;;;;593.7;466;814900;17380;20380;37.05;305.3;27560;1767;2832;6.81;173.1;4256;53.4;
HE 1000 AA;970;300;16;21;30;;;;;;282.2;222;406500;8380;9777;37.95;172.2;9501;633.4;1016;5.8;93.15;403.4;21.28;
HE 1000 A;990;300;16.5;31;30;;;;;;346.8;272;553800;11190;12820;39.96;184.6;14000;933.6;1470;6.35;113.6;822.4;32.07;
HE 1000 B;1000;300;19;36;30;;;;;;400;314;644700;12890;14860;40.15;212.5;16280;1085;1716;6.38;126.1;1254;37.64;
HE 1000 M;1008;302;21;40;30;;;;;;444.2;349;722300;14330;16570;40.32;235;18460;1222;1940;6.45;136.1;1701;43.02;
HE 1000 x 393;1016;303;24.4;43.9;30;;;;;;500.2;393;807700;15900;18540;40.18;271.3;20500;1353;2168;6.4;147.3;2332;48.08;
HE 1000 x 409;1020;306;25;46;30;;;;;;521.2;409;850800;16680;19450;40.4;278.8;22120;1446;2313;6.51;152.1;2642;52.1;
HE 1000 x 488;1036;311;30;54;30;;;;;;622;488;1027000;19820;23300;40.62;334.7;27320;1757;2837;6.63;173.1;4334;65.27;
HE 1000 x 579;1056;316;35;64;30;;;;;;737;579;1246000;23590;27950;41.11;393.3;34040;2154;3498;6.8;198.1;7102;82.8;
HL 920 x 342;912;418;19.3;32;24;;;;;;436.1;342;624900;13700;15450;37.85;190.1;39010;1867;2882;9.46;111.4;1193;75.41;
HL 920 x 365;916;419;20.3;34.3;24;;;;;;464.4;365;670500;14640;16520;38;200.4;42120;2011;3106;9.52;117;1446;81.73;
HL 920 x 387;921;420;21.3;36.6;24;;;;;;493;387;718300;15600;17630;38.17;210.9;45280;2156;3332;9.58;122.6;1734;88.37;
HL 920 x 417;928;422;22.5;39.9;24;;;;;;532.5;417;787600;16970;19210;38.46;223.9;50070;2373;3668;9.7;130.4;2200;98.54;
HL 920 x 446;933;423;24;42.7;24;;;;;;569.6;446;846800;18150;20600;38.56;239.1;53980;2552;3951;9.73;137.5;2685;106.74;
HL 920 x 488;942;422;25.9;47;24;;;;;;621.3;488;935390;19860;22615;38.8;259.3;59010;2797;4336;9.75;148;3514;117.89;
HL 920 x 534;950;425;28.4;51.1;24;;;;;;680.1;534;1031000;21710;24830;38.94;284.8;65560;3085;4796;9.82;158.7;4542;132.07;
HL 920 x 585;960;427;31;55.9;24;;;;;;745.3;585;1143090;23814;27363;39.16;312;72770;3408;5310;9.88;170.9;5932;148.22;
HL 920 x 653;972;431;34.5;62;24;;;;;;831.9;653;1292000;26590;30730;39.41;348.7;83050;3854;6022;9.99;186.6;8124;171.28;
HL 920 x 784;996;437;40.9;73.9;24;;;;;;997.7;784;1593000;31980;37340;39.95;417.6;103300;4728;7424;10.18;216.8;13730;218.49;
HL 920 x 967;1028;446;50;89.9;24;;;;;;1231;967;2033000;39540;46810;40.64;517.1;133900;6003;9486;10.43;257.9;24930;292.45;
HL 1000 x 296;982;400;16.5;27;30;;;;;;376.8;296;618700;12600;14220;40.52;181.5;28850;1443;2235;8.75;105.6;756.9;65.67;
HL 1000 A;990;400;16.5;31;30;;;;;;408.8;321;696400;14070;15800;41.27;184.6;33120;1656;2555;9;113.6;1021;76.03;
HL 1000 B;1000;400;19;36;30;;;;;;472;371;812100;16240;18330;41.48;212.5;38480;1924;2976;9.03;126.1;1565;89.21;
HL 1000 M;1008;402;21;40;30;;;;;;524.2;412;909800;18050;20440;41.66;235;43410;2160;3348;9.1;136.1;2128;101.46;
HL 1000 x 477;1018;404;25.5;45;30;;;;;;608;477;1047000;20570;23530;41.5;282.8;49610;2456;3838;9.03;150.6;3159;117.05;
HL 1000 x 554;1032;408;29.5;52;30;;;;;;705.8;554;1232000;23880;27500;41.79;328;59100;2897;4547;9.15;168.6;4860;141.33;
HL 1000 x 642;1048;412;34;60;30;;;;;;817.6;642;1451000;27680;32100;42.12;379.6;70280;3412;5379;9.27;189.1;7440;170.67;
HL 1000 x 748;1068;417;39;70;30;;;;;;953.4;748;1732000;32430;37880;42.62;438.9;85111;4082;6459;9.45;214.1;11670;210.65;
HL 1000 x 883;1092;424;45.5;82;30;;;;;;1125.3;883;2096000;38390;45260;43.16;516.5;105000;4952;7874;9.66;244.6;18750;265.67;
HL 1100 A;1090;400;18;31;20;;;;;;436.5;343;867400;15920;18060;44.58;206.5;33120;1656;2568;8.71;103.4;1037;92.71;
HL 1100 B;1100;400;20;36;20;;;;;;497;390;1005000;18280;20780;44.98;230.6;38480;1924;2988;8.8;115.4;1564;108.68;
HL 1100 M;1108;402;22;40;20;;;;;;551.2;433;1126000;20320;23160;45.19;254.4;43410;2160;3362;8.87;125.4;2130;123.5;
HL 1100 R;1118;405;26;45;20;;;;;;635.2;499;1294000;23150;26600;45.14;300.4;49980;2468;3870;8.87;139.4;3135;143.41;
