L 100 x 100 x 8;100;8;12;6;;;;;;;15.51;12.2;144.8;19.94;0;3.06;0;144.8;19.94;0;3.06;0;0;0;
L 100 x 100 x 10;100;10;12;6;;;;;;;19.2;15;176.7;24.62;0;3.04;0;176.7;24.62;0;3.04;0;0;0;
L 100 x 100 x 12;100;12;12;6;;;;;;;22.71;17.8;206.7;29.12;0;3.02;0;206.7;29.12;0;3.02;0;0;0;
L 110 x 110 x 10;110;10;13;6.5;;;;;;;21.18;16.6;238;29.99;0;3.35;0;238;29.99;0;3.35;0;0;0;
L 110 x 110 x 12;110;12;13;6.5;;;;;;;25.14;19.7;279.1;35.54;0;3.33;0;279.1;35.54;0;3.33;0;0;0;
L 120 x 120 x 10;120;10;13;6.5;;;;;;;23.18;18.2;312.9;36.03;0;3.67;0;312.9;36.03;0;3.67;0;0;0;
L 120 x 120 x 11;120;11;13;6.5;;;;;;;25.37;19.9;340.6;39.41;0;3.66;0;340.6;39.41;0;3.66;0;0;0;
L 120 x 120 x 12;120;12;13;6.5;;;;;;;27.54;21.6;367.7;42.73;0;3.65;0;367.7;42.73;0;3.65;0;0;0;
L 120 x 120 x 13;120;13;13;6.5;;;;;;;29.69;23.3;394;46.01;0;3.64;0;394;46.01;0;3.64;0;0;0;
L 120 x 120 x 15;120;15;13;6.5;;;;;;;33.93;26.6;444.9;52.43;0;3.62;0;444.9;52.43;0;3.62;0;0;0;
L 130 x 130 x 12;130;12;14;7;;;;;;;30;23.5;472.2;50.44;0;3.97;0;472.2;50.44;0;3.97;0;0;0;
L 140 x 140 x 10;140;10;15;7.5;;;;;;;27.24;21.4;504.4;49.43;0;4.3;0;504.4;49.43;0;4.3;0;0;0;
L 140 x 140 x 13;140;13;15;7.5;;;;;;;34.95;27.4;638.5;63.37;0;4.27;0;638.5;63.37;0;4.27;0;0;0;
L 150 x 150 x 10;150;10;16;8;;;;;;;29.27;23;624;56.91;0;4.62;0;624;56.91;0;4.62;0;0;0;
L 150 x 150 x 12;150;12;16;8;;;;;;;34.83;27.3;736.9;67.75;0;4.6;0;736.9;67.75;0;4.6;0;0;0;
L 150 x 150 x 14;150;14;16;8;;;;;;;40.31;31.6;845.4;78.33;0;4.58;0;845.4;78.33;0;4.58;0;0;0;
L 150 x 150 x 15;150;15;16;8;;;;;;;43.02;33.8;898.1;83.52;0;4.57;0;898.1;83.52;0;4.57;0;0;0;
L 150 x 150 x 18;150;18;16;8;;;;;;;51.03;40.1;1050;98.74;0;4.54;0;1050;98.74;0;4.54;0;0;0;
L 160 x 160 x 14;160;14;17;8.5;;;;;;;43.15;33.9;1034;89.5;0;4.89;0;1034;89.5;0;4.89;0;0;0;
L 160 x 160 x 15;160;15;17;8.5;;;;;;;46.06;36.2;1099;95.5;0;4.88;0;1099;95.5;0;4.88;0;0;0;
L 160 x 160 x 16;160;16;17;8.5;;;;;;;48.95;38.4;1163;101.4;0;4.87;0;1163;101.4;0;4.87;0;0;0;
L 160 x 160 x 17;160;17;17;8.5;;;;;;;51.82;40.7;1225;107.2;0;4.86;0;1225;107.2;0;4.86;0;0;0;
L 180 x 180 x 13;180;13;18;9;;;;;;;45.46;35.7;1396;106.5;0;5.54;0;1396;106.5;0;5.54;0;0;0;
L 180 x 180 x 14;180;14;18;9;;;;;;;48.79;38.3;1493;114.3;0;5.53;0;1493;114.3;0;5.53;0;0;0;
L 180 x 180 x 15;180;15;18;9;;;;;;;52.1;40.9;1589;122;0;5.52;0;1589;122;0;5.52;0;0;0;
L 180 x 180 x 16;180;16;18;9;;;;;;;55.39;43.5;1682;129.7;0;5.51;0;1682;129.7;0;5.51;0;0;0;
L 180 x 180 x 17;180;17;18;9;;;;;;;58.66;46;1775;137.2;0;5.5;0;1775;137.2;0;5.5;0;0;0;
L 180 x 180 x 18;180;18;18;9;;;;;;;61.91;48.6;1866;144.7;0;5.49;0;1866;144.7;0;5.49;0;0;0;
L 180 x 180 x 19;180;19;18;9;;;;;;;65.14;51.1;1955;152.1;0;5.48;0;1955;152.1;0;5.48;0;0;0;
L 180 x 180 x 20;180;20;18;9;;;;;;;68.35;53.7;2043;159.4;0;5.47;0;2043;159.4;0;5.47;0;0;0;
L 200 x 200 x 15;200;15;18;9;;;;;;;58.1;45.6;2209;152.2;0;6.17;0;2209;152.2;0;6.17;0;0;0;
L 200 x 200 x 16;200;16;18;9;;;;;;;61.79;48.5;2341;161.7;0;6.16;0;2341;161.7;0;6.16;0;0;0;
L 200 x 200 x 17;200;17;18;9;;;;;;;65.46;51.4;2472;171.2;0;6.14;0;2472;171.2;0;6.14;0;0;0;
L 200 x 200 x 18;200;18;18;9;;;;;;;69.11;54.3;2600;180.6;0;6.13;0;2600;180.6;0;6.13;0;0;0;
L 200 x 200 x 19;200;19;18;9;;;;;;;72.74;57.1;2726;189.9;0;6.12;0;2726;189.9;0;6.12;0;0;0;
L 200 x 200 x 20;200;20;18;9;;;;;;;76.35;59.9;2851;199.1;0;6.11;0;2851;199.1;0;6.11;0;0;0;
L 200 x 200 x 21;200;21;18;9;;;;;;;79.94;62.8;2973;208.2;0;6.1;0;2973;208.2;0;6.1;0;0;0;
L 200 x 200 x 22;200;22;18;9;;;;;;;83.51;65.6;3094;217.3;0;6.09;0;3094;217.3;0;6.09;0;0;0;
L 200 x 200 x 23;200;23;18;9;;;;;;;87.06;68.3;3213;226.3;0;6.08;0;3213;226.3;0;6.08;0;0;0;
L 200 x 200 x 24;200;24;18;9;;;;;;;90.59;71.1;3331;235.2;0;6.06;0;3331;235.2;0;6.06;0;0;0;
L 200 x 200 x 25;200;25;18;9;;;;;;;94.1;73.9;3446;244;0;6.05;0;3446;244;0;6.05;0;0;0;
L 200 x 200 x 26;200;26;18;9;;;;;;;97.59;76.6;3560;252.7;0;6.04;0;3560;252.7;0;6.04;0;0;0;
L 250 x 250 x 20;250;20;18;9;;;;;;;96.35;75.6;5743;317.9;0;7.72;0;5743;317.9;0;7.72;0;0;0;
L 250 x 250 x 21;250;21;18;9;;;;;;;100.94;79.2;5997;332.7;0;7.71;0;5997;332.7;0;7.71;0;0;0;
L 250 x 250 x 22;250;22;18;9;;;;;;;105.51;82.8;6249;347.4;0;7.7;0;6249;347.4;0;7.7;0;0;0;
L 250 x 250 x 23;250;23;18;9;;;;;;;110.06;86.4;6497;362;0;7.68;0;6497;362;0;7.68;0;0;0;
L 250 x 250 x 24;250;24;18;9;;;;;;;114.59;90;6743;376.5;0;7.67;0;6743;376.5;0;7.67;0;0;0;
L 250 x 250 x 25;250;25;18;9;;;;;;;119.1;93.5;6986;390.9;0;7.66;0;6986;390.9;0;7.66;0;0;0;
L 250 x 250 x 26;250;26;18;9;;;;;;;123.59;97;7226;405.2;0;7.65;0;7226;405.2;0;7.65;0;0;0;
L 250 x 250 x 27;250;27;18;9;;;;;;;128.06;100.5;7463;419.3;0;7.63;0;7463;419.3;0;7.63;0;0;0;
L 250 x 250 x 28;250;28;18;9;;;;;;;132.51;104;7697;433.4;0;7.62;0;7697;433.4;0;7.62;0;0;0;
L 203 x 203 x 19;203;19;8;4;;;;;;;73.6;57.9;2881;198.2;0;6.26;0;2881;198.2;0;6.26;0;0;0;
L 203 x 203 x 22.2;203;22.2;8;4;;;;;;;85.27;67;3293;228.4;0;6.21;0;3293;228.4;0;6.21;0;0;0;
L 203 x 203 x 25.4;203;25.4;8;4;;;;;;;96.74;75.9;3686;257.7;0;6.17;0;3686;257.7;0;6.17;0;0;0;
L 203 x 203 x 28.6;203;28.6;8;4;;;;;;;108.01;84.7;4062;286.3;0;6.13;0;4062;286.3;0;6.13;0;0;0;
